05 08 08 08 08 08 08 08 08 08 08 08 08 08 08 08 08 08 08 08 08 08 08 08 08 08 08 08 08 08 08 08
06 00 00 00 00 00 00 00 00 00 00 00 00 00 00 00 00 00 00 00 00 00 00 00 00 00 00 00 00 00 00 00
06 00 00 00 00 00 00 00 00 00 00 00 00 00 00 00 00 00 00 00 00 00 00 00 00 00 00 00 00 00 00 00
06 00 00 00 00 00 00 00 00 00 00 00 00 00 00 00 00 00 00 00 00 00 00 00 00 00 00 00 00 00 00 00
06 00 00 00 00 00 00 00 00 00 00 00 00 00 00 00 00 00 00 00 00 00 00 00 00 00 00 00 00 00 00 00
06 00 00 00 00 00 00 00 00 00 00 00 00 00 00 00 00 00 00 00 00 00 00 00 00 00 00 00 00 00 00 00
06 00 00 00 00 00 00 00 00 00 00 00 00 00 00 00 00 00 00 00 00 00 00 00 00 00 00 00 00 00 00 00
06 00 00 00 00 00 00 00 00 00 00 00 00 00 00 00 00 00 00 00 00 00 00 00 00 00 00 00 00 00 00 00
06 00 00 00 00 00 00 00 00 01 02 03 00 00 00 00 00 00 00 00 00 00 00 00 00 00 00 00 00 00 00 00
06 00 00 00 00 00 00 00 00 04 05 06 00 00 00 00 00 00 00 00 00 00 00 00 00 00 00 00 00 00 00 00
06 00 00 00 00 00 00 00 00 07 08 09 00 00 00 00 01 02 02 02 02 02 02 02 02 02 02 02 02 02 02 02
06 00 00 00 00 00 00 00 00 00 00 00 00 00 00 00 04 05 05 05 05 05 05 05 05 05 05 05 05 05 05 05
06 00 00 00 00 00 00 00 00 00 00 00 00 00 00 00 04 05 05 05 05 05 05 05 05 05 05 05 05 05 05 05
06 00 00 00 00 00 00 00 00 00 00 00 00 00 00 00 04 05 05 05 05 05 05 05 05 05 05 05 05 05 05 05
06 00 00 00 00 00 00 00 00 00 00 00 00 01 02 02 05 05 05 05 05 05 05 05 05 05 05 05 05 05 05 05
05 02 02 02 02 02 02 02 02 02 02 02 00 04 05 05 05 05 05 05 05 05 05 05 05 05 05 05 05 05 05 05
05 05 05 05 05 05 05 05 05 05 05 06 00 04 05 05 05 05 05 05 05 05 05 05 05 05 05 05 05 05 05 05
05 05 05 05 05 05 05 05 05 05 05 05 05 05 05 05 05 05 05 05 05 05 05 05 05 05 05 05 05 05 05 05